- 총 판매량: 10000장
- 총 판매금액: 10000000원
- 총 기금 편입금액: 5631001원
- 총 배당금액: 5000000원
- 당첨번호:  5 1 3 2 4
- 1등상 당첨자 수 및 배당 금액 : 1장, 2500000원
	1	5245	5 1 3 2 4 2500000원
- 아차상 당첨자 수 및 배당 금액 : 7장, 1250000원
	1	539	5 1 3 2 1 178500원
	2	2780	5 1 3 2 3 178500원
	3	4304	5 1 3 2 5 178500원
	4	5997	5 1 3 2 2 178500원
	5	6226	5 1 3 2 5 178500원
	6	6907	5 1 3 2 3 178500원
	7	8800	5 1 3 2 6 178500원
- 차차상 당첨자 수 및 배당 금액 : 0장, 0원
- 셔플상 당첨자 수 및 배당 금액 : 344장, 625000원
	1	22	3 1 2 2 2 1800원
	2	70	5 1 6 5 2 1800원
	3	75	4 1 4 3 2 1800원
	4	95	2 1 5 6 2 1800원
	5	123	3 1 5 2 3 1800원
	6	127	5 1 3 4 2 1800원
	7	156	1 1 2 4 2 1800원
	8	227	4 1 4 5 2 1800원
	9	256	6 1 3 3 2 1800원
	10	259	5 1 2 4 2 1800원
	11	324	1 1 6 6 2 1800원
	12	338	1 1 3 2 5 1800원
	13	375	2 1 6 3 2 1800원
	14	429	1 1 5 2 5 1800원
	15	465	5 1 2 2 3 1800원
	16	509	2 1 5 2 4 1800원
	17	533	4 1 4 2 6 1800원
	18	543	1 1 2 2 2 1800원
	19	582	5 1 2 6 2 1800원
	20	593	3 1 4 3 2 1800원
	21	599	3 1 4 5 2 1800원
	22	627	5 1 3 6 2 1800원
	23	648	5 1 2 4 2 1800원
	24	669	4 1 5 2 6 1800원
	25	676	1 1 3 2 2 1800원
	26	697	3 1 3 3 2 1800원
	27	700	3 1 4 3 2 1800원
	28	717	3 1 2 6 2 1800원
	29	733	6 1 3 6 2 1800원
	30	735	4 1 5 2 6 1800원
	31	737	3 1 6 3 2 1800원
	32	767	3 1 4 5 2 1800원
	33	788	3 1 6 2 3 1800원
	34	820	5 1 2 4 2 1800원
	35	859	2 1 3 2 6 1800원
	36	933	4 1 5 5 2 1800원
	37	945	3 1 6 2 4 1800원
	38	1004	2 1 6 2 2 1800원
	39	1028	3 1 6 2 5 1800원
	40	1029	4 1 2 6 2 1800원
	41	1105	6 1 3 4 2 1800원
	42	1153	3 1 4 2 6 1800원
	43	1189	4 1 6 2 4 1800원
	44	1210	6 1 4 2 5 1800원
	45	1257	1 1 6 3 2 1800원
	46	1269	5 1 3 4 2 1800원
	47	1275	4 1 3 6 2 1800원
	48	1326	1 1 2 2 6 1800원
	49	1328	2 1 6 4 2 1800원
	50	1374	2 1 6 3 2 1800원
	51	1393	5 1 6 2 4 1800원
	52	1402	3 1 2 2 3 1800원
	53	1423	2 1 3 3 2 1800원
	54	1446	2 1 4 2 4 1800원
	55	1573	6 1 5 5 2 1800원
	56	1598	5 1 4 2 2 1800원
	57	1608	5 1 6 6 2 1800원
	58	1677	4 1 2 3 2 1800원
	59	1678	3 1 6 2 3 1800원
	60	1786	1 1 5 2 3 1800원
	61	1813	4 1 2 6 2 1800원
	62	1825	6 1 3 3 2 1800원
	63	1830	2 1 6 2 3 1800원
	64	1838	5 1 2 3 2 1800원
	65	1923	6 1 6 2 5 1800원
	66	1927	6 1 5 2 5 1800원
	67	1935	6 1 6 3 2 1800원
	68	1978	3 1 5 2 2 1800원
	69	1992	1 1 4 4 2 1800원
	70	2069	5 1 6 4 2 1800원
	71	2096	5 1 6 2 3 1800원
	72	2104	4 1 2 2 3 1800원
	73	2108	5 1 2 6 2 1800원
	74	2123	1 1 6 2 5 1800원
	75	2146	5 1 6 2 6 1800원
	76	2214	5 1 5 2 6 1800원
	77	2230	6 1 3 2 5 1800원
	78	2292	4 1 5 6 2 1800원
	79	2362	6 1 4 2 6 1800원
	80	2366	5 1 5 2 5 1800원
	81	2406	3 1 2 3 2 1800원
	82	2524	3 1 2 3 2 1800원
	83	2540	2 1 3 4 2 1800원
	84	2597	3 1 5 2 5 1800원
	85	2636	4 1 4 6 2 1800원
	86	2641	2 1 2 6 2 1800원
	87	2774	1 1 6 2 6 1800원
	88	2818	2 1 4 2 4 1800원
	89	2883	1 1 2 2 4 1800원
	90	2887	2 1 3 4 2 1800원
	91	2975	2 1 4 2 2 1800원
	92	3011	3 1 6 2 5 1800원
	93	3019	6 1 3 2 6 1800원
	94	3041	6 1 4 2 6 1800원
	95	3103	6 1 2 2 5 1800원
	96	3170	5 1 5 5 2 1800원
	97	3190	3 1 3 2 2 1800원
	98	3200	3 1 2 3 2 1800원
	99	3241	6 1 3 2 4 1800원
	100	3243	1 1 2 5 2 1800원
	101	3269	5 1 5 2 2 1800원
	102	3304	4 1 3 5 2 1800원
	103	3310	4 1 6 4 2 1800원
	104	3319	5 1 6 2 6 1800원
	105	3330	2 1 4 4 2 1800원
	106	3375	6 1 3 5 2 1800원
	107	3423	1 1 6 4 2 1800원
	108	3447	2 1 5 6 2 1800원
	109	3518	4 1 3 4 2 1800원
	110	3538	5 1 4 4 2 1800원
	111	3559	1 1 2 2 2 1800원
	112	3566	4 1 4 5 2 1800원
	113	3587	3 1 3 2 3 1800원
	114	3612	4 1 3 6 2 1800원
	115	3642	6 1 5 2 5 1800원
	116	3663	1 1 4 6 2 1800원
	117	3676	5 1 2 3 2 1800원
	118	3688	4 1 6 2 3 1800원
	119	3705	5 1 5 2 4 1800원
	120	3907	2 1 4 2 5 1800원
	121	3936	1 1 4 6 2 1800원
	122	4028	4 1 4 2 5 1800원
	123	4060	2 1 5 6 2 1800원
	124	4100	2 1 5 5 2 1800원
	125	4138	2 1 2 5 2 1800원
	126	4182	2 1 2 2 5 1800원
	127	4228	1 1 5 6 2 1800원
	128	4254	1 1 2 2 3 1800원
	129	4265	5 1 4 5 2 1800원
	130	4283	3 1 6 6 2 1800원
	131	4335	2 1 4 2 4 1800원
	132	4341	6 1 5 2 5 1800원
	133	4342	4 1 6 2 5 1800원
	134	4352	6 1 4 6 2 1800원
	135	4416	5 1 4 2 4 1800원
	136	4422	4 1 5 4 2 1800원
	137	4423	3 1 4 2 3 1800원
	138	4425	3 1 5 2 3 1800원
	139	4452	5 1 4 2 3 1800원
	140	4464	2 1 4 3 2 1800원
	141	4485	5 1 2 2 2 1800원
	142	4525	2 1 4 2 3 1800원
	143	4526	3 1 2 2 6 1800원
	144	4570	4 1 5 4 2 1800원
	145	4619	4 1 2 6 2 1800원
	146	4637	6 1 5 5 2 1800원
	147	4641	1 1 2 6 2 1800원
	148	4689	4 1 6 3 2 1800원
	149	4701	6 1 2 6 2 1800원
	150	4719	6 1 5 2 6 1800원
	151	4733	1 1 2 4 2 1800원
	152	4760	2 1 5 5 2 1800원
	153	4794	1 1 2 4 2 1800원
	154	4798	2 1 4 2 5 1800원
	155	4840	5 1 4 2 3 1800원
	156	4845	4 1 5 5 2 1800원
	157	4847	6 1 5 6 2 1800원
	158	4863	5 1 5 5 2 1800원
	159	4873	3 1 6 6 2 1800원
	160	4877	6 1 6 2 4 1800원
	161	4907	5 1 6 3 2 1800원
	162	4919	3 1 2 2 6 1800원
	163	4922	1 1 5 2 5 1800원
	164	4972	2 1 4 2 3 1800원
	165	4987	1 1 2 2 5 1800원
	166	5009	2 1 3 2 6 1800원
	167	5012	5 1 6 2 2 1800원
	168	5049	4 1 4 2 3 1800원
	169	5073	6 1 5 2 5 1800원
	170	5079	5 1 4 2 6 1800원
	171	5137	6 1 5 2 4 1800원
	172	5158	6 1 3 2 2 1800원
	173	5164	1 1 4 5 2 1800원
	174	5189	3 1 2 5 2 1800원
	175	5331	3 1 6 2 3 1800원
	176	5344	3 1 2 4 2 1800원
	177	5357	1 1 5 3 2 1800원
	178	5407	5 1 2 2 5 1800원
	179	5408	3 1 6 6 2 1800원
	180	5422	2 1 6 2 2 1800원
	181	5446	6 1 2 5 2 1800원
	182	5451	2 1 2 3 2 1800원
	183	5476	6 1 6 2 4 1800원
	184	5512	4 1 3 6 2 1800원
	185	5520	6 1 5 2 2 1800원
	186	5530	4 1 4 2 4 1800원
	187	5558	4 1 3 6 2 1800원
	188	5588	3 1 5 2 4 1800원
	189	5599	4 1 2 4 2 1800원
	190	5604	4 1 2 2 2 1800원
	191	5638	6 1 5 2 4 1800원
	192	5641	3 1 5 3 2 1800원
	193	5652	3 1 2 2 3 1800원
	194	5691	2 1 4 3 2 1800원
	195	5726	6 1 6 2 2 1800원
	196	5756	1 1 3 3 2 1800원
	197	5760	1 1 2 5 2 1800원
	198	5768	3 1 6 3 2 1800원
	199	5792	2 1 5 2 6 1800원
	200	5856	3 1 6 3 2 1800원
	201	5869	4 1 4 6 2 1800원
	202	5870	2 1 5 2 2 1800원
	203	5877	3 1 4 2 4 1800원
	204	5951	1 1 3 2 4 1800원
	205	5968	3 1 6 2 5 1800원
	206	5984	4 1 5 6 2 1800원
	207	6001	6 1 6 2 4 1800원
	208	6024	3 1 5 4 2 1800원
	209	6087	5 1 4 4 2 1800원
	210	6089	6 1 2 2 4 1800원
	211	6159	4 1 2 4 2 1800원
	212	6172	6 1 5 3 2 1800원
	213	6183	5 1 2 2 2 1800원
	214	6207	3 1 3 3 2 1800원
	215	6216	4 1 4 3 2 1800원
	216	6296	3 1 4 3 2 1800원
	217	6307	4 1 4 4 2 1800원
	218	6308	5 1 6 2 5 1800원
	219	6323	4 1 6 4 2 1800원
	220	6332	1 1 2 2 6 1800원
	221	6352	4 1 3 2 3 1800원
	222	6355	5 1 4 5 2 1800원
	223	6377	1 1 3 4 2 1800원
	224	6458	6 1 5 3 2 1800원
	225	6469	5 1 5 2 2 1800원
	226	6476	2 1 5 2 5 1800원
	227	6529	4 1 5 6 2 1800원
	228	6624	6 1 4 2 3 1800원
	229	6631	5 1 6 2 6 1800원
	230	6650	1 1 6 2 6 1800원
	231	6662	1 1 4 6 2 1800원
	232	6700	4 1 6 4 2 1800원
	233	6701	5 1 5 5 2 1800원
	234	6705	1 1 2 2 4 1800원
	235	6756	6 1 3 6 2 1800원
	236	6762	2 1 4 2 4 1800원
	237	6765	2 1 3 4 2 1800원
	238	6774	6 1 6 2 2 1800원
	239	6800	3 1 2 2 4 1800원
	240	6815	4 1 4 6 2 1800원
	241	6817	2 1 6 2 3 1800원
	242	6833	6 1 6 6 2 1800원
	243	6853	3 1 6 2 3 1800원
	244	6882	2 1 4 2 4 1800원
	245	6896	4 1 2 6 2 1800원
	246	6909	6 1 6 2 4 1800원
	247	6952	2 1 4 3 2 1800원
	248	6985	4 1 3 2 6 1800원
	249	7046	2 1 2 5 2 1800원
	250	7059	5 1 5 2 3 1800원
	251	7067	6 1 4 2 3 1800원
	252	7079	3 1 3 2 5 1800원
	253	7091	4 1 5 5 2 1800원
	254	7132	2 1 5 2 6 1800원
	255	7163	1 1 3 2 3 1800원
	256	7198	1 1 2 6 2 1800원
	257	7222	4 1 5 6 2 1800원
	258	7235	2 1 4 2 3 1800원
	259	7242	5 1 2 5 2 1800원
	260	7257	4 1 2 4 2 1800원
	261	7345	5 1 4 2 5 1800원
	262	7351	1 1 6 2 6 1800원
	263	7368	5 1 4 2 6 1800원
	264	7395	1 1 5 5 2 1800원
	265	7435	1 1 5 6 2 1800원
	266	7460	4 1 3 2 3 1800원
	267	7516	3 1 2 2 6 1800원
	268	7534	4 1 4 5 2 1800원
	269	7540	1 1 3 6 2 1800원
	270	7592	3 1 6 2 2 1800원
	271	7664	2 1 5 2 2 1800원
	272	7691	3 1 4 2 5 1800원
	273	7708	5 1 6 2 2 1800원
	274	7714	3 1 6 5 2 1800원
	275	7759	4 1 4 2 5 1800원
	276	7762	2 1 4 3 2 1800원
	277	7828	6 1 5 4 2 1800원
	278	7878	6 1 2 3 2 1800원
	279	7891	1 1 6 4 2 1800원
	280	7935	1 1 3 2 3 1800원
	281	7964	5 1 6 2 3 1800원
	282	7969	6 1 4 2 2 1800원
	283	7977	3 1 4 2 3 1800원
	284	7990	3 1 2 3 2 1800원
	285	8012	3 1 6 2 5 1800원
	286	8039	5 1 6 6 2 1800원
	287	8076	1 1 5 2 4 1800원
	288	8108	5 1 2 2 3 1800원
	289	8161	6 1 2 2 3 1800원
	290	8164	6 1 5 2 5 1800원
	291	8169	6 1 6 2 2 1800원
	292	8197	1 1 2 2 3 1800원
	293	8198	4 1 5 6 2 1800원
	294	8249	3 1 6 2 3 1800원
	295	8264	5 1 2 3 2 1800원
	296	8303	5 1 4 5 2 1800원
	297	8334	5 1 6 2 5 1800원
	298	8401	5 1 4 5 2 1800원
	299	8491	5 1 2 2 3 1800원
	300	8568	1 1 5 6 2 1800원
	301	8579	5 1 2 6 2 1800원
	302	8594	6 1 3 6 2 1800원
	303	8602	5 1 6 3 2 1800원
	304	8678	2 1 2 5 2 1800원
	305	8716	6 1 6 6 2 1800원
	306	8728	5 1 4 4 2 1800원
	307	8771	5 1 6 5 2 1800원
	308	8775	2 1 2 2 3 1800원
	309	8825	2 1 4 2 4 1800원
	310	8868	1 1 4 5 2 1800원
	311	8895	6 1 3 6 2 1800원
	312	8906	2 1 2 2 3 1800원
	313	8952	2 1 4 5 2 1800원
	314	8971	2 1 2 5 2 1800원
	315	8976	1 1 4 4 2 1800원
	316	8995	2 1 3 5 2 1800원
	317	9021	2 1 2 6 2 1800원
	318	9025	5 1 2 2 3 1800원
	319	9059	5 1 6 2 6 1800원
	320	9117	3 1 4 2 5 1800원
	321	9140	4 1 2 2 4 1800원
	322	9203	3 1 6 4 2 1800원
	323	9259	4 1 5 2 6 1800원
	324	9288	5 1 3 5 2 1800원
	325	9295	4 1 6 3 2 1800원
	326	9299	2 1 5 2 3 1800원
	327	9316	4 1 6 2 2 1800원
	328	9371	1 1 2 6 2 1800원
	329	9374	1 1 2 2 6 1800원
	330	9383	6 1 5 5 2 1800원
	331	9387	6 1 4 2 5 1800원
	332	9429	4 1 3 4 2 1800원
	333	9474	4 1 6 3 2 1800원
	334	9539	1 1 4 2 6 1800원
	335	9590	4 1 2 2 5 1800원
	336	9626	1 1 5 3 2 1800원
	337	9670	3 1 4 2 6 1800원
	338	9750	2 1 2 6 2 1800원
	339	9751	3 1 4 5 2 1800원
	340	9858	3 1 4 2 6 1800원
	341	9880	4 1 5 2 5 1800원
	342	9940	2 1 5 2 3 1800원
	343	9944	3 1 3 3 2 1800원
	344	9972	5 1 5 2 5 1800원
